media preço:   30%% menores           total            30%%maiores
Sweater_m:12.70767277856135 14.060156448202987 14.431281690140839
Sweater_w:8.41948680351906 9.89198241758242 8.83398243045388
manteaux_m:39.06025000000001 35.06224583333333 50.31627777777779
manteaux_w:10.581545961002783 10.652718162839253 11.068108484005561
shoe_m:18.12207339449541 21.971699669967002 22.808095238095234
shoe_w:20.427849002849 36.20496153846154 71.38230769230769
jeans_m:44.343907563025226 44.74761104693895 47.10018200910048
jeans_w:8.53697343088179 9.434707784707792 9.573583525789076
shorts_m:4.662783216783215 4.731466890192788 4.717918994413408
shorts_w:4.15602510460251 4.222657751776011 3.958718662952646
T-shirt_m:4.271145251396646 4.253237018425456 4.139372384937239
t-shirt_w:4.043969957081545 4.050894465894466 4.123426124197003